# Created by Octave 3.8.1, Sun Oct 02 22:12:51 2016 EDT <wyatt@Wall-E>
# name: bias2
# type: scalar
0.366259241173644


# name: W2
# type: matrix
# rows: 1
# columns: 504
 -0.005541968361491984 -0.01565393625833084 -0.05098726567838214 -0.04149571282239053 0.02624570851970503 -0.04645639632425995 -0.06026159951068194 0.0203632991814981 0.05047009736433631 0.007686181789616497 0.0006655847498257716 0.03688667551241424 -0.05412663268295994 -0.01570323592902942 0.04087005289301522 0.02634621979762462 -0.002292718852545584 -0.03509208507785894 0.01390314269099729 -0.03450221280508774 -0.02145527849851226 -0.01292675398754847 0.003701940662397305 -0.00509820241855845 -0.04835056463728687 -0.0392838330696003 0.03953471284031727 0.03582491159488255 -0.03941912333698296 0.0112035744116711 -0.01623636272846319 0.03946140477307384 0.009699234530321163 -0.04839421162798355 0.02292757574928912 -0.003145281850384313 -0.03466914893824482 -0.02883634728744984 -0.007552658156007753 -0.04212251171389923 -0.02126635842883725 0.0004411375991077546 0.006427844829312242 0.05037517516818128 -0.03232902900829256 0.03142615950866021 -0.02137912234258904 0.006142201068588041 -0.0310894517818848 -0.04032132281050512 0.02000673102547737 -0.02162290682877952 0.004007655768079857 0.009186114377326887 0.03052966850225469 -0.05786058706756005 -0.03240103682442461 0.01924497927934045 0.01226153655157141 0.02653772021771404 -0.02457112238607728 0.04719060003141397 0.04690714324148527 0.01282467442217018 -0.05344284041947826 0.04103388909034347 0.03905523072859958 -0.05186476079975445 0.02359685854970901 -0.04789582982225583 -0.0006000986293133596 -0.02558316750977417 -0.005924502239515956 -0.04306871502610474 0.01163107279531995 -0.05829280708820169 0.0005132260021417094 0.03209947782308661 -0.05607909247481425 -0.04752222961629741 -0.02698757483367021 0.04675010268968043 0.02853186675649848 -0.008330697409531816 0.03777614605502178 0.01445108545120896 -0.0495659611309306 0.01166823358328548 0.0435180342082935 0.03787345065071612 -0.008198120703137178 -0.03575579014971243 -0.0502515221651284 -0.01452780816732793 -0.05008520316838026 0.02670397577257313 -0.008069829484330797 0.04693540455917569 -0.01800818586615083 0.02984361732678251 0.05606661666835926 -0.05517688225354545 0.03953040960707977 -0.01647248250961858 0.01723703490471609 -0.03661460326869487 0.002194609374999441 0.04866576436555996 -0.03734537607453261 0.03702612755112188 0.03372621254464502 0.03062219930050056 -0.05321519490764916 0.02219084085837301 0.03039021000246352 -0.006066526031350263 0.03928202977124259 -0.02061852362378864 -0.02532375293483974 -0.0600283691686895 0.01429229869972981 0.03149921584754255 0.04078859907534649 0.05048172094179236 -0.05739770058947955 0.04647117162582864 0.002850938538900117 -0.02255124101792551 0.03884361579708154 -0.01859851251830037 0.0279598984266999 0.02365255802393946 0.02719010777303482 -0.01474764662799531 0.01463073459332939 0.04479719954614325 -0.05416764950098972 0.05109859787356739 0.003566389157273575 -0.01192845752094631 -0.02967788038711524 -0.0386848479616743 0.005180667986055007 0.007693254756375659 -0.02772920358586789 -0.04622328441197016 0.0120263126215396 0.04329016936523731 -0.0474056115541352 0.05197780993444186 -0.03220973364131011 -0.006411366227755988 -0.03482634410795755 0.003773207965797187 0.01502832929059653 -0.002067790648636481 0.04496767267221569 0.02080210541366496 -0.01424296347796555 -0.05509186178322421 0.01846463333874304 -0.05599752320175528 0.02609766071400362 0.04585184849859532 0.02419336825603362 -0.03177341392702106 0.02567957066685939 -0.01160741344481884 -0.04817937054206492 0.05620373590116129 -0.02468323553092083 0.03301766491346035 -0.03054314382241981 0.01137712114495562 0.01709456252002757 0.02756647978715827 -0.04206428094150505 0.02578792074441361 -0.04046422657843533 0.04312579662481694 -0.02808856060224548 0.004605822713280628 0.02680753775192536 0.04462685429190306 -0.01870966665374921 0.05342900248020547 0.04995044145357331 0.03741685954462766 -0.05780562505694899 -0.001295835985138743 -0.007196792935936299 0.03922865508324061 0.04394777717558761 -0.03112485173095089 0.004752695334820947 -0.05322085067445382 -0.02788215262929068 0.03979914926411408 0.008585168396859142 0.0185624496159668 -0.009964041587392176 -0.01302741507359267 0.05529716210155002 -0.001331313488918121 -0.01573167869194654 -0.05769698388506078 -0.05595184783602438 -0.00706128030801024 -0.05707069239996524 0.04946016260092303 -0.02756423262987775 0.03046714195303943 0.04622748309569906 -0.009463879750351496 -0.03112724551640114 -0.0513227674027074 0.0440142778613694 -0.04882641404155728 0.03394507250018954 -0.05618581776989609 0.01439214143109534 0.04950457736646591 0.02018068012904572 -0.02802600932309128 -0.04778101213001305 0.003246845495238974 -0.04706173578880348 -0.0395581478439978 0.01495776621593478 0.04331317715803334 0.0005924051829836105 -0.04908331773076467 0.02067675490473626 -0.04141477739258946 -0.05707599404311572 -0.05017728393253584 0.04362747466158579 -0.02012015129545482 -0.003133211522205383 0.03787124531849125 -0.0201469436345373 0.02709295422422923 -0.03963941022624076 0.05335994547716254 0.01508041585310042 0.03562596832046129 -0.03094184824239848 0.007068911339808135 -0.008199962393946228 0.01854152139349398 0.04210408333091389 -0.01087382415413196 0.004371994057160864 -0.03955373364143082 0.0001981636218590467 -0.01921628222400358 0.02642089369617289 -0.05743533173712772 -0.03409951659957472 -0.05742726841006116 0.03931563178117382 -0.04378549647337398 0.0393991411133605 0.02507861156563069 -0.02882919608345203 0.02061675204109357 -0.04430913055298657 -0.05979357535753328 0.004949359280725132 0.05437026438915632 0.04415596288465933 -0.05828625737915545 0.02291519744054549 -0.02494189448010975 -0.004530363907811862 -0.02783979627019647 -0.03422514326302352 0.02206442510692139 0.01132958402756996 -0.03468957930731149 -0.02744079580851204 0.03109673371550232 0.008116741090610698 0.05110790640283996 0.01891995744722268 -0.04581657255204998 0.02029895338040404 0.02021482554422933 -0.02739226215981106 -0.01836222286359102 -0.03330380146900376 -0.01737946567954668 -0.03068250852275625 0.01291135292871376 0.04998628800871108 0.02704076245942799 -0.04529150091144258 -0.0196418602783188 -0.05736455709117317 0.05517450626938703 -0.04037001723235185 0.05036232123874537 0.04418994348089138 -0.03265328111120622 0.05023202348074344 0.03258386081961522 0.01221273336918083 0.01643007491568436 0.01476946964514251 0.002570536175514455 0.02875337220293194 -0.0325850242407487 0.05592756517617364 0.03882900498678667 0.01690164637027646 -0.008180824982416955 0.03349181078725064 0.04274735282272335 -0.03246427510045818 -0.05007359848207014 0.04598075475239937 -0.01636258960149609 -0.02346058299042958 -0.01490014961964923 -0.05774550618357441 -0.04732348941919467 -0.005000073412377056 0.02172183008747723 0.03324173483109963 -0.02475429025884482 -0.05132285668974138 0.0450621562623251 -0.0305638096565608 -0.01131384452695237 0.02158661214674313 0.05149771414787917 0.04764247491066759 0.000558117225447943 0.007199167884047407 -0.05744328556347093 0.01992866348835848 -0.008576735129059293 0.05374630308785659 -0.01818102498020128 -0.0539281313714967 -0.05082742336807547 -0.04023338279972955 0.05097840484076688 -0.009217459959286963 0.0105260489450813 0.03864292047976411 0.0315084039898285 0.002031132735416119 -0.03101066536525212 0.02945225687833301 0.05020758165554086 0.0155430287467731 -0.0206983928449779 0.02465548881216648 -0.03468958770807026 -0.002104393808602288 0.01001791271643003 0.009584880589858673 -0.03470341703438334 -0.05952057915780903 -0.01068725353638706 0.05151688055811892 -0.01451380067817631 -0.01825630294014903 0.0128316600005776 -0.02415388588710704 0.01727070496477794 0.04854035866909032 -0.04925626730853159 0.006058326648850114 0.005975106009328271 0.004873837853639732 0.03627826925608676 0.01619726168705444 -0.06088971126085792 -0.007159149274180687 -0.01685759692615124 -0.05758487695243762 0.0540984748937708 0.05163543276490494 -0.0007129913879869215 0.02222089276219986 0.02385697299757871 -0.0413411961120729 0.03551467926604368 -0.06073882450065786 0.0300018385656007 0.04364327307539552 -0.05235927428942252 0.02822296684153311 -0.04269094166130443 0.0376070500002077 0.0194199691960022 0.00974062333872304 0.0492079396024194 0.03614758978012701 -0.01421278634059498 0.020241104065934 0.01003056090432865 0.01514576416259547 0.05257016984400321 -0.05514462810247991 -0.001953737447384463 -0.002505279706143682 -0.0008830356298419357 0.03216061417352357 0.02897323641161181 -0.05426933270861056 -0.00498244386473252 0.02316962819446078 0.04492606323911348 0.01420078466993372 -0.01795073182595633 0.0538504434226143 -0.04352098605354143 0.007493336588586182 0.04836427282236831 0.00172763550532251 0.01278228493789515 0.04166088015997726 -0.0243712156853949 0.05671012135833723 0.01064772113834459 -0.005405669763186982 0.0112047788182273 0.009216014567466839 -0.04695056067365353 -0.01164808875007949 -0.01884184198926597 -0.0389925842155349 -0.04192251749755629 0.02491913955972543 -0.03473756443866459 0.02135374365368859 0.04083079590846788 -0.04098861882408118 0.02015262425217246 0.03600620450764216 0.02088148685056974 -0.02494926789941601 -0.05800699715112257 0.01661405963007658 -0.00348721200244803 -0.04585825301821228 0.05011113028770196 0.007345608494148348 0.02726419083641369 0.04450351292122743 -0.01661748330978772 0.04654491761652159 0.03895845641938055 0.02172361318748025 -0.01286126164421898 -0.003323927595965488 -0.03477924052982087 -0.03267883587719489 0.02915066993258901 -0.03217995766007326 -0.01740325603775779 0.04285405970501802 -0.003826303039543615 -0.05456174754748477 0.01964879093316854 0.04540322850448999 -0.05696909861020954 0.02563735688408043 -0.04779696136337681 -0.0338701115777998 -0.04191721172666107 0.01239673332762593 -0.04756371532176831 -0.05728442876229797 0.01338897263903078 0.04400473608081327 -0.002944979860585251 -0.009810374249305748 0.05335835558866816 0.02615256784746704 -0.004960672079441922 0.01210602518138971 0.03493170781540383 0.05517362618490312 0.02700005094021991 -0.01915058546714192 0.00928961170307006 -0.02710698457827373 0.01532587600444638 0.03304555735797057 -0.06011002032001159 -0.05300151468880519 -0.04211669351144396 -0.04667597188291184 -0.0586615233978701 0.01017563592518082 0.01352216820189515 -0.02776976567307335 -0.0391789911485654 -0.01095204749060723 -0.04817263517401279


# name: bias1_vec
# type: matrix
# rows: 504
# columns: 1
 0.4999340072908266
 -0.2465274954695612
 0.7095867936184567
 0.2495009483113935
 0.006630995764737574
 0.3600405469910341
 -0.1827605505453707
 0.8834620221796976
 0.2581252243215242
 0.9038176305854118
 0.4003891736157452
 0.696893673766626
 -0.321385461070069
 -0.6804710870348007
 -0.7250267443794468
 0.8798947692360667
 -0.6028621622258495
 0.8441206437660294
 0.4404597201947809
 -0.5658836264804074
 -0.6816539094257132
 0.1471583313240709
 -0.6299113538249516
 -0.274648785408218
 0.305213439576813
 0.8878931013502217
 0.7261579166043047
 0.099962494537082
 0.3594599688108094
 -0.7446708154358512
 -0.9261633505984551
 0.09426575077305781
 -0.4190351336576785
 -0.6367974820275458
 -0.9006490387873028
 -0.9545124973903237
 0.9029527136317427
 -0.6211270161811279
 0.7069320291504519
 -0.5128418211830488
 -0.9356488241279515
 -0.2686945183652688
 -0.3903010641426592
 -0.4135230166123597
 0.3058198173934714
 0.1488435645628654
 0.1117775646103757
 -0.5468567758740231
 -0.6759105863108651
 0.594696772216781
 -0.1982855862911824
 0.9057615578227824
 -0.08592429081497681
 -0.1108434717439034
 0.3635249861097235
 0.4228947335358483
 -0.3668883742598742
 0.1439685407148043
 0.2855401934433289
 0.8450418783399711
 0.8121164451424331
 0.9893849975233946
 0.08570975063130443
 0.8802437326913417
 -0.6619585182656388
 0.1613675483929203
 -0.6910457760206803
 -0.3667730194335833
 0.4638534675108328
 0.4980378933429438
 0.6883922603021437
 -0.890716982932093
 0.5735343203473809
 0.2603015233627415
 -0.3415018721901749
 0.7697579964138824
 0.02444778438332625
 0.7571167478750304
 0.02216163959499273
 -0.9908244641587739
 0.6426838848540466
 0.3697999883037994
 0.6021853818696319
 -0.8101591154810022
 -0.5386177947867299
 0.713199959101784
 -0.8758605568768044
 -0.3770534621983058
 0.05898800402550886
 -0.2603633738525214
 -0.8110376556460883
 0.8144241595276248
 0.7710161446491768
 -0.236257458544288
 0.4332836395161427
 -0.2217412692651655
 0.7758800320791429
 0.8459545327336495
 -0.8816536804750432
 -0.9477458675502979
 -0.9083868615665209
 0.7095990072097049
 0.1208999819933349
 0.3912677244615995
 -0.8237849417137765
 0.07994490629861892
 0.4447954843949456
 0.2759103022373424
 -0.9358883874854288
 -0.961782218288769
 0.7489655232685332
 0.4809302493357702
 0.9475399406131256
 0.3405567506624293
 -0.7857206882900267
 -0.3216916985236129
 -0.3198371701901685
 -0.2181658084950716
 0.7315773247349873
 0.09065709408621156
 0.5765459759893916
 0.4062861762010704
 -0.5244799261701095
 -0.8845554707089379
 0.1172074392115181
 -0.5822499265940484
 -0.7494949430870644
 0.6779779161814732
 0.1647485196659549
 0.045847667408234
 -0.8190530206664699
 0.8923920197310073
 -0.8299704224612823
 -0.5710026866493918
 -0.9693011789910447
 -0.5471488661361904
 0.3939567245791095
 0.6676513021725872
 -0.2670932004755472
 0.8230069898730661
 -0.5254827035628715
 -0.6618754938085326
 -0.4907364905954502
 0.5115601474821966
 0.8679080511227756
 -0.822248804949141
 -0.340597949553473
 -0.5154124827911239
 -0.08591901675358807
 0.4520573813824465
 -0.1382456460253642
 0.258980182655683
 0.8071872944102216
 -0.5022357213379783
 -0.3336272160347312
 -0.2215181127190498
 0.07466066400609427
 0.9440132333724828
 -0.6784162972156955
 0.9468653480477622
 0.6623627254167297
 0.8257343267136501
 0.6951154457356586
 -0.3011231275268445
 -0.1513246178690116
 0.5257162728080967
 -0.5671421966883694
 0.3622601727844694
 -0.9068355404110784
 -0.5174250248762359
 0.1974861457572208
 -0.2624030175374075
 0.3619967764733039
 -0.01292517695006236
 -0.9017137777758991
 -0.1694812716385839
 0.4797939546979469
 0.06217666315861185
 0.4749546266795758
 -0.2443295860706592
 -0.6323219820279276
 -0.03245207207511473
 -0.1731139537710886
 -0.7409399597319495
 0.01895203636346255
 -0.05688302115306836
 -0.4703451268789312
 -0.284220564481771
 0.06711265253158101
 0.1811907966188409
 0.3154088495276305
 -0.832873018769573
 -0.6319778723180846
 -0.9072549904613684
 -0.07852720284305702
 -0.2069445764742534
 -0.0456259977944308
 0.5382761698449987
 0.5544513182097547
 0.4618154553427704
 -0.6345890403926855
 -0.6345023247694747
 0.3960302786830816
 0.7950743365968713
 -0.1637462599031649
 -0.02422125267461671
 0.8463045036152514
 0.4673274270744159
 -0.6615871632200957
 -0.2012204949574011
 0.9522635249433061
 0.09570685735197657
 0.2465572332447291
 -0.1758552589083143
 -0.1030392095160136
 -0.2718289033712363
 0.8134445550046405
 0.621533181157595
 -0.7889898071865648
 -0.6586336953569737
 0.4393215634964712
 0.9737676291913923
 0.08005334499197281
 0.9300715955430439
 -0.2210985904712479
 0.1633359833730436
 0.5584454201474374
 -0.08418740053797641
 0.1607759110161399
 -0.6639793972030261
 -0.8959719441462028
 0.1346366389602803
 -0.8568578217442113
 -0.8359843580512089
 0.2926551153841612
 -0.1760977502141366
 0.2813344035097811
 0.1761667549220788
 0.4091622000193695
 -0.5420450790505666
 0.4761179921630276
 0.9488670066159127
 0.8811252949850492
 0.06488419363362284
 -0.01706840250754714
 0.7421589464085867
 -0.4638613479233734
 -0.4340769158774253
 -0.2106024837406748
 -0.5635161800930319
 -0.4695009028557565
 0.4657970178542647
 -0.711384389343941
 -0.5794975746856091
 -0.8386839554631833
 -0.8278659568425882
 -0.7665774658402161
 -0.3223334389246362
 0.5200141525742059
 -0.4356432078331227
 -0.6472528586614098
 0.2175212395208419
 -0.1357707954119233
 0.7501620174982242
 0.7526364122830199
 -0.9731658582931667
 0.5753353170363738
 0.7807809970594903
 -0.7693299787379471
 -0.5499024850826222
 0.5692024160051279
 0.4242833388059036
 0.6303759313395441
 -0.8227199697060631
 -0.9132290810689434
 -0.331039508919595
 0.7850740671627164
 0.6359117291171318
 -0.4246222690361494
 0.801043340275703
 -0.5255194136754174
 0.7375162966754448
 -0.1730559476092795
 0.9445058166571344
 0.02818425322257046
 -0.7697237942417241
 0.5996070554304793
 -0.1285967119426583
 0.5461781930969432
 -0.8665812879627327
 0.1470090823242003
 0.1758440488520629
 0.5098511971596841
 -0.6008739130337075
 -0.07880226948251326
 0.3563173457236847
 -0.03361691232145771
 0.8972173312635097
 0.8775749095557257
 0.5512926073917714
 -0.3242550715544597
 -0.8215238802086218
 0.1648341670249927
 -0.03467227523076546
 -0.1315649303164706
 0.3501373299086583
 -0.9220365132952767
 -0.008562636042305239
 -0.4512387355672345
 0.307633529513009
 0.3570854999995012
 -0.1392191673414769
 -0.331741426893459
 0.452505344933267
 -0.03564781472108574
 -0.4910322147123144
 -0.6275068230797171
 0.6759960805369213
 -0.8664182360440026
 0.1123022118396957
 0.9741659143677655
 0.8109036654031131
 -0.2600392956769598
 0.8699723088954707
 -0.9663943901406242
 0.4027488820303272
 0.7582846025385065
 -0.1806449501261436
 -0.6131700797697588
 -0.1615335793439739
 0.5443484059974335
 -0.3472076331087455
 -0.9255690380249929
 0.4506596671788089
 0.6628558772406771
 -0.5235646938662288
 0.5987460420883648
 0.0808340433849848
 0.6137231351250039
 0.9648363100329198
 0.6176762795351041
 -0.4178725121051254
 -0.1201496461085434
 -0.2965617052707011
 -0.6465171851445666
 0.8134293363293832
 0.773732425840215
 -0.2663593037017127
 -0.6381612768689467
 -0.8683267065460832
 0.5903741511437097
 -0.90099142371914
 0.8203593552905989
 -0.1509064172679218
 -0.08948833331223874
 0.6348809014329898
 0.9591068925109609
 0.9694994457385026
 -0.4529637569321226
 -0.9509283542390241
 -0.5416898054318361
 -0.7210118935545076
 0.7016013562765236
 0.2443223106563881
 0.6506972525576383
 -0.08271714253443375
 -0.4154167748840937
 -0.626281631274605
 -0.3344088696422414
 -0.8209614493226404
 0.2478251926151545
 -0.0001411506376709824
 -0.2692079145803495
 0.7971528927918404
 -0.5363678432268388
 0.01421136564855224
 0.8722133769918388
 0.1750556584346457
 -0.02443825524480226
 0.3925673752440126
 0.5949182076006405
 -0.9195124587236839
 -0.605118976906482
 0.2767780605624972
 0.9626923922123677
 0.8777072372358301
 -0.5940809208880405
 -0.9008581443590893
 0.3143815094587899
 0.6477382398540331
 0.3264033504853732
 0.9794029034732495
 -0.6031036081467854
 -0.6195886680015319
 -0.06498086974963777
 -0.1797842222473189
 0.0430729745283437
 -0.2217652388336966
 0.8361354338940564
 0.7077568913631753
 0.416649058698965
 0.4734904591232585
 -0.82516508678463
 0.2321381732991581
 -0.8409561182845021
 -0.5584409060395299
 -0.08536536068683942
 0.650172860814446
 0.8311950390341939
 -0.3276283245842368
 0.9042362991960311
 0.7925996395566453
 0.8105999725331083
 0.8620275423520861
 0.4073441645133695
 -0.7292694896884013
 0.3105111656077253
 -0.02991094766796534
 0.7269458961789621
 -0.5621360103545278
 0.5829901465880387
 0.7238976634688258
 0.8180057710255376
 0.3260667841462166
 0.6608309770913359
 -0.3701536235354577
 -0.1446971858199254
 -0.9894747092220364
 0.1935987494461111
 -0.3406348363534515
 -0.4067589338578276
 -0.814806699986669
 0.9900280210023868
 0.1390558282862662
 0.08704371307089825
 0.975641815527125
 0.8766743737902639
 0.3148049620379268
 -0.9933394229701247
 0.9055748183890099
 0.2572836559718135
 -0.1419470081525133
 0.3194503134513846
 -0.5965729253096366
 0.000681418340217779
 0.103967945407431
 0.2477763729982957
 -0.9354511601908175
 0.1482075451369656
 0.3051272757074043
 -0.8248454076025601
 0.2884850675077778
 0.1268031661854142
 0.7727617956556875
 -0.6652668846869985
 -0.6716806060365299
 -0.02997800814657761
 -0.3639963821029522
 0.3771215156452231
 -0.230173781264248
 -0.7511037940958109
 0.7572425952313198
 0.4789746616352568
 -0.09268721179394263
 -0.1204033280910162
 0.5048874336465042
 -0.2349658151200678
 -0.5339325296454935
 0.09420280809882633
 0.5982049960488319
 -0.520981490728326
 0.3734336070557095
 -0.7672975583295585
 0.8980080018896393
 0.2685604137970191
 -0.2764031050164411
 0.7943207653037319
 0.3601792956367085
 0.7009887906972148
 -0.275083812763029
 -0.2732321350770683
 0.4320226929644046
 -0.51247953071619
 -0.6820902147071571
 -0.9693888845906462
 0.9359367076435445
 -0.6577711820335256
 0.7594758357143461
 -0.1331248950714379
 0.481675519736473
 -0.100017014768524
 -0.3013713019322818
 -0.1317123308725698
 0.2742763403544866
 -0.7567135047425707
 -0.3864211961081029
 0.3262341511122453
 -0.4090431229394478
 -0.5939820453405722
 0.8285935443485611
 -0.8672932394711342
 0.06602320201352339
 0.5278128053007866
 -0.6848608223739605


# name: Kernel
# type: matrix
# rows: 1
# columns: 11
 0.568993170038312 0.04881869767952439 0.3893133121260905 0.1507944449868065 0.4606442614758239 0.291173109324886 0.09814204728482388 0.7894894648330766 0.8602659970631417 0.49106392401459 0.6056432684620737


